# bad pixels miniPIX EDU SN2987  last upd. Jan 07 2056

# row 118
30214
30215
30216
30217
30218
30219

# row 119
30249
30250
30251

30473
30474
30475
30476
30477
30478
30479

30503
30504
30505
30506
30507
30508
30509
30510
30511
30512
30513
30514
30515


# row 120
30731
30732
30733
30734
30735
30736
30737
30738

30753
30754
30755
30756
30757
30758
30759
30760
30761
30762
30763
30764
30765
30766
30767
30768
30769
30770
30771
30772

# row 121

30990
30991
30992
30993
30994
30995
30996
30997
30998
30999
31000
31001
31002
31003
31004
31005
31006
31007
31008
31009
31010
31011
31012
31013
31014
31015
31016
31017
31018
31019
31020
31021
31022
31023
31024
31025
31026
31027
31028

# row 122
31248
31249
31250
31251
31252
31253
31254
31255
31256
31257
31258
31259
31260
31261
31262
31263
31264
31265
31266
31267
31268
31269
31270
31271
31272
31273
31274
31275
31276
31277
31278
31279
31280
31281
31282
31283
31284
31285

# row 123
31506
31507
31508
31509
31510
31511
31512
31513
31514
31515
31516
31517
31518
31519
31520
31521
31522
31523
31524
31525
31526
31527
31528
31529
31530
31531
31532
31533
31534
31535
31536
31537
31538
31539
31540

# row 124
31767
31768
31769
31770
31771
31772
31773
31774
31775
31776
31777
31778
31779
31780
31781
31782
31783
31784
31785
31786
31787
31788
31789
31790
31791
31792
31793
31794

# row 125
32028
32029
32030
32031

32034
32035
32036
32037
32038

32039
32040
32041
32042
32043
32044
32045
32046
32047

#row 126
32296
32297
32298
32299
32300
32301

